children_left children_right
 1            16 
 2             9 
 3             6 
 4             5 
-1            -1 
-1            -1 
 7             8 
-1            -1 
-1            -1 
10            11 
-1            -1 
12            13 
-1            -1 
14            15 
-1            -1 
-1            -1 
17            20 
18            19 
-1            -1 
-1            -1 
21            22 
-1            -1 
-1            -1 

queue
0
1
16
2
9
17
20
3
6
10
11
18
19
4
5
7
8
12
13
14
15
---
0
1 16

1
2 9

16
17 20

2
3 6

9
10 11

17
18 19

20
21 22

3
4 5

6
7 8

10
-1 -1

11
12 13

18
-1 -1

19
-1 -1

4
-1 -1

5
-1 -1

7
-1 -1

8
-1 -1

12
-1 -1

13
14 15

14
-1 -1

15
-1 -1
